3	18.03
4	10.74
8	2.67
9	4.90
11	16.10
15	28.86
17	14.67
19	4.29
21	5.76
27	1.67
28	26.60
29	11.42
30	19.38
35	27.29
36	3.06
37	28.26
39	11.65
42	2.46
43	8.10
44	3.73
46	12.26
47	4.76
48	21.01
52	5.13
53	3.19
54	18.43
58	1.85
59	4.42
60	3.47
61	3.54
62	11.39
63	6.05
69	5.05
70	18.85
71	7.29
73	16.43
77	7.12
80	2.22
81	4.87
82	8.39
83	11.44
84	7.11
86	1.25
87	6.70
91	15.58
92	0.56
93	11.33
95	2.93
97	5.53
98	3.03
100	1.29
101	2.85
103	6.12
107	2.66
109	3.34
110	5.91
111	3.15
113	11.53
116	4.53
118	0.95
119	5.23
120	5.28
121	4.36
126	5.28
127	3.88
128	8.62
129	10.34
134	5.56
135	50.92
137	6.01
139	6.37
141	2.02
142	3.55
143	8.96
146	11.04
147	20.63
152	4.37
153	8.15
154	18.67
155	2.72
160	10.78
161	26.10
163	12.33
164	24.61
166	7.34
167	3.73
168	5.95
169	18.94
170	8.55
171	11.19
181	5.38
182	4.34
184	5.71
191	12.62
193	10.74
194	47.55
196	8.57
200	3.65
201	4.59
206	3.94
207	9.86
209	7.57
211	15.29
213	5.93
215	24.64
216	45.49
219	4.11
223	13.32
225	4.36
226	4.00
227	8.98
228	3.82
230	7.82
231	16.76
233	4.17
234	8.25
236	3.15
237	44.23
238	7.45
241	10.12
242	7.90
246	2.12
247	21.29
250	10.16
251	2.42
252	10.57
255	7.34
256	11.13
259	23.21
262	7.57
263	12.14
269	21.65
270	3.55
272	11.94
273	17.43
274	4.93
276	10.69
277	13.75
283	2.60
290	5.82
291	6.54
292	44.29
293	1.15
296	4.19
298	23.05
299	23.12
300	3.33
301	4.27
304	8.68
306	2.86
309	32.81
310	2.32
311	6.08
313	6.18
314	13.01
315	2.49
316	5.27
317	3.31
318	6.36
322	15.68
325	3.67
328	2.57
329	10.50
336	15.87
337	4.89
338	1.43
340	15.00
343	1.07
346	5.46
347	0.63
349	3.18
354	2.15
355	6.50
356	12.63
357	19.59
359	5.85
361	4.71
363	3.99
365	3.67
366	4.09
367	10.92
370	12.75
372	13.41
374	33.01
375	5.12
376	15.33
377	33.05
378	12.01
380	23.10
385	9.68
388	3.89
389	2.51
391	7.23
393	2.64
394	3.02
398	6.93
399	10.83
400	-307.08
403	16.66
405	15.05
408	4.94
409	-0.43
411	18.09
412	13.39
417	5.44
418	7.54
420	5.28
423	11.11
424	3.10
425	5.76
428	2.29
431	11.49
432	3.50
436	1.99
439	5.21
440	4.73
441	3.28
442	18.96
444	4.40
445	26.29
446	6.25
451	17.71
453	9.51
454	4.72
455	6.06
459	28.91
461	8.60
464	6.54
465	9.57
467	4.60
472	3.50
475	11.99
476	1.10
478	3.03
479	3.96
480	5.18
482	31.52
483	1.73
484	8.16
485	8.58
486	12.50
487	6.07
489	8.56
492	11.37
493	0.92
494	7.06
495	2.71
497	4.70
499	10.50
501	2.02
504	9.10
505	11.43
508	7.42
509	9.59
512	3.29
515	14.62
517	1.88
520	18.06
521	8.25
522	9.87
525	6.33
528	2.30
529	8.16
533	3.39
535	12.30
536	3.39
538	8.37
539	1.27
542	20.00
543	3.70
544	8.29
545	10.51
546	6.46
547	6.16
551	13.79
552	6.83
554	7.80
558	23.99
559	17.32
561	3.56
563	2.53
567	2.81
568	5.74
570	10.59
572	11.33
576	8.89
580	3.84
582	21.65
583	6.12
584	0.47
585	1.83
591	1.44
594	3.09
596	5.98
599	3.82
601	0.64
603	15.10
604	6.82
605	9.57
606	5.02
608	10.92
612	2.83
620	11.14
623	13.41
628	5.43
630	9.28
631	1.80
632	5.98
633	7.90
634	4.97
635	23.91
637	3.02
638	14.69
643	12.15
645	10.39
648	2.73
649	3.89
650	6.12
654	13.31
656	3.32
657	9.79
661	13.20
667	3.04
668	12.30
669	10.73
671	5.05
674	12.07
675	4.37
677	4.75
678	4.32
680	14.69
681	2.47
682	8.36
683	4.75
686	11.89
687	4.12
690	2.84
691	17.97
692	5.17
694	4.93
695	2.50
698	13.23
700	7.42
701	12.86
705	29.04
707	11.70
708	5.85
709	45.39
710	7.54
712	4.07
716	5.98
718	7.53
722	0.80
724	5.45
725	26.26
726	12.53
728	4.63
729	-3.12
730	17.05
733	20.62
734	6.44
737	17.47
741	21.17
742	10.33
747	7.47
748	8.43
749	6.90
750	2.76
751	9.31
754	5.05
755	3.63
764	33.20
767	32.19
768	5.84
769	3.68
778	4.29
782	0.63
783	3.70
786	5.03
787	7.11
790	17.42
794	6.49
796	14.54
797	7.63
800	13.55
801	4.71
804	1.64
806	1.78
807	4.72
809	5.29
810	16.68
812	-1.11
815	10.00
818	6.08
819	3.13
820	10.20
823	22.40
824	23.90
826	45.95
829	9.11
831	20.00
832	21.87
837	6.60
839	22.67
840	4.80
841	3.82
842	11.04
846	2.36
847	4.21
848	8.36
851	7.25
853	5.44
854	11.88
855	13.19
857	12.79
858	4.13
861	14.14
862	21.28
863	23.41
864	2.64
867	20.47
869	10.34
871	2.68
873	-0.53
874	40.37
876	22.77
877	17.59
879	4.64
881	7.53
882	21.71
883	5.94
885	8.02
887	3.29
888	12.57
889	10.58
890	13.20
895	20.76
896	1.53
898	3.24
899	23.49
909	1.39
911	10.15
912	5.45
914	56.32
915	6.11
918	2.21
919	6.03
922	4.48
923	5.12
926	14.70
928	7.11
931	0.84
932	16.25
933	-0.14
934	5.28
935	16.73
936	0.69
938	14.79
945	1.03
946	0.26
947	4.96
951	5.86
952	14.22
958	20.14
959	4.11
960	5.48
961	1.82
963	5.77
965	3.07
967	2.93
968	5.71
971	3.56
972	1.47
978	17.56
979	0.96
980	9.39
981	8.56
982	5.92
985	34.89
986	39.55
987	2.40
989	9.30
992	7.23
994	2.03
995	11.21
999	6.22
1000	1.99
1001	54.05
1002	4.05
1004	11.12
1005	16.56
1008	6.73
1009	5.83
1010	5.94
1013	5.58
1014	14.25
1016	19.09
1017	3.35
1018	35.42
1021	4.14
1022	3.97
1024	5.56
1030	22.24
1031	2.28
1034	3.30
1037	16.61
1038	20.45
1042	4.28
1044	7.13
1047	7.12
1048	10.17
1049	5.94
1051	5.19
1052	18.27
1053	2.88
1054	1.31
1057	2.70
1060	6.23
1062	35.86
1064	5.24
1065	1.03
1066	20.66
1067	8.59
1070	5.56
1072	3.49
1073	4.67
1075	2.94
1076	3.63
1077	20.02
1078	18.58
1083	2.37
1084	3.17
1086	39.94
1089	1.62
1091	5.35
1092	7.69
1093	13.00
1094	4.57
1096	3.86
1097	10.29
1099	3.77
1101	4.80
1102	11.78
1103	22.75
1104	5.19
1106	10.57
1108	1.51
1109	37.72
1111	3.44
1112	5.73
1113	6.72
1114	0.29
1116	5.61
1117	22.11
1119	3.29
1122	9.77
1124	1.44
1126	7.77
1129	1.65
1131	3.90
1141	15.87
1144	1.17
1145	6.42
1146	5.35
1147	15.06
1149	4.37
1152	9.31
1154	11.48
1157	3.48
1158	3.60
1159	3.52
1160	5.90
1162	4.01
1164	2.41
1166	6.55
1167	7.38
1170	10.26
1171	4.70
1173	5.69
1174	1.63
1175	20.29
1177	19.54
1178	4.39
1179	3.89
1180	10.69
1182	25.39
1184	8.55
1186	8.16
1187	1.48
1189	11.23
1190	28.41
1193	9.89
1196	10.29
1198	3.17
1199	9.41
1200	2.23
1203	5.37
1205	15.82
1207	17.57
1208	1.99
1209	12.53
1211	22.68
1212	6.74
1215	2.75
1216	5.83
1217	2.96
1219	4.93
1220	18.45
1221	30.89
1226	7.67
1227	-0.67
1229	4.95
1231	0.62
1232	5.14
1237	4.84
1238	12.46
1240	41.23
1242	6.38
1244	14.93
1245	9.64
1246	6.92
1247	3.63
1248	0.95
1250	8.62
1251	29.95
1255	5.64
1256	6.14
1257	18.06
1258	2.03
1260	11.03
1262	21.02
1264	7.59
1266	14.72
1267	5.48
1268	15.89
1272	4.91
1276	8.09
1283	5.90
1285	5.51
1287	5.87
1288	12.65
1289	2.88
1291	3.35
1295	4.06
1296	6.01
1297	4.26
1302	5.61
1304	4.77
1305	4.50
1307	14.85
1308	8.71
1309	2.79
1310	10.15
1311	9.22
1312	1.86
1313	3.87
1316	15.18
1321	33.73
1323	3.42
1324	13.74
1325	5.56
1327	6.02
1333	0.86
1336	25.05
1342	12.42
1346	4.42
1349	22.31
1354	14.21
1355	11.66
1359	19.46
1362	6.65
1364	7.35
1367	3.48
1369	3.23
1370	3.02
1373	12.46
1376	8.97
1377	10.95
1380	1.63
1382	14.79
1384	4.08
1389	10.23
1391	3.33
1393	4.28
1394	16.44
1396	-0.38
1401	3.47
1402	9.19
1405	10.32
1407	18.13
1410	49.07
1411	13.23
1412	16.78
1414	4.88
1415	4.28
1416	4.33
1418	8.97
1421	14.33
1425	9.67
1427	2.67
1428	1.79
1430	6.87
1432	16.24
1433	1.08
1434	15.38
1435	12.78
1436	6.37
1437	12.04
1439	3.62
1440	-0.00
1442	14.21
1445	17.87
1446	10.75
1454	5.00
1457	6.75
1458	6.79
1462	5.88
1465	10.93
1466	6.99
1467	9.31
1468	31.34
1470	4.64
1471	5.23
1474	4.39
1478	2.74
1481	13.42
1482	7.96
1483	2.73
1486	4.73
1488	14.23
1490	7.68
1491	4.32
1492	20.11
1495	3.63
1497	18.76
1498	8.32
1500	10.16
1501	14.64
1504	11.23
1507	7.86
1509	12.92
1510	10.07
1514	6.68
1515	8.81
1518	24.98
1520	7.31
1523	8.99
1525	22.59
1528	4.72
1529	1.15
1531	1.86
1535	5.76
1536	12.30
1540	12.19
1541	10.38
1542	18.29
1543	11.53
1544	3.92
1546	5.00
1547	4.45
1549	26.20
1550	2.60
1555	15.60
1557	6.70
1559	46.40
1560	11.95
1562	17.87
1564	1.47
1566	9.02
1568	2.66
1571	6.92
1577	8.73
1579	9.03
1580	7.16
1582	4.03
1585	2.17
1586	4.03
1588	6.43
1589	22.83
1593	0.17
1594	35.97
1597	6.37
1601	11.59
1602	0.74
1603	6.72
1605	14.88
1608	4.30
1609	5.46
1611	8.57
1612	1.29
1613	10.27
1615	9.30
1616	3.45
1617	7.26
1619	14.40
1620	-0.98
1621	7.87
1622	7.01
1623	5.96
1624	10.47
1625	1.77
1626	12.38
1627	6.92
1628	12.18
1629	10.29
1630	1.81
1632	8.62
1633	6.12
1636	4.84
1637	4.41
1639	5.28
1640	2.20
1643	3.69
1654	17.76
1767	2.31
1776	3.95
1782	17.76
1795	14.77
1804	15.31
1805	15.28
1875	8.05
1930	12.31
1954	8.06
1960	8.58
2029	1.42
2044	2.86
2204	23.65
2205	16.87
2206	4.63
2233	4.86
2246	5.10
2322	11.50
2348	5.59
2370	6.38
2407	9.50
2411	9.55
2430	11.30
2469	65.49
2471	72.74
2645	31.41
2647	7.69
2653	10.58
2657	10.38
2664	5.30
2667	7.57
2682	7.74
2699	-2.80
2707	1.19
2827	11.62
2939	5.75
3010	6.01
3021	4.05
3024	7.54
3057	25.82
3147	10.19
3175	25.14
3211	13.90
3216	1.21
3217	25.53
3291	4.90
3294	4.46
3301	33.40
3427	4.93
3431	41.44
3437	7.94
3445	25.52
3457	11.75
3462	12.69
3475	13.70
3529	6.06
3538	1.55
3540	18.69
3588	19.95
3685	8.28
3701	9.12
3734	8.91
3758	10.28
3842	15.31
3856	3.20
3987	14.02
4021	7.91
4025	23.25
4081	19.07
4133	1.77
4137	22.97
4173	3.66
4186	34.66
4187	34.82
4236	32.28
4272	1.18
4334	34.05
4377	9.19
4382	46.82
4449	15.29
4472	2.60
4489	1.27
4494	4.25
4612	26.77
4615	26.30
4619	27.11
4660	11.34
4743	18.08
4850	31.76
4859	3.22
4861	2.72
4908	20.39
4918	0.63
4959	7.05
4972	6.05
4988	2.64
5000	11.92
5011	6.95
5054	13.09
5089	2.81
5161	16.30
5214	8.94
5216	3.37
5218	4.29
5251	16.49
5287	33.02
5388	23.51
5405	5.25
5421	49.31
5591	3.37
5596	2.68
5608	43.86
5648	8.55
5672	12.53
5715	11.52
5730	-3.70
5755	4.05
5765	3.38
5832	2.36
5997	7.90
6112	26.13
6113	25.98
6121	25.88
6129	4.85
6155	0.71
6157	1.48
6159	15.76
6196	11.04
6230	11.72
6241	19.19
6362	19.81
6387	14.94
6623	12.29
6628	14.33
6633	63.56
6680	11.02
6681	10.92
6713	15.58
6741	7.36
6772	32.69
6806	5.18
6899	18.86
6929	3.38
6978	3.16
7058	1.19
7085	3.03
7090	31.84
7158	25.07
7179	5.54
7194	1.47
7201	1.55
7202	15.95
7203	31.68
7227	4.31
7244	10.96
7252	9.12
7255	8.96
7256	9.63
7295	1.19
7327	11.92
7331	1.26
7352	6.79
7476	21.88
7504	6.39
7532	11.06
7595	15.42
7606	19.45
7625	3.13
7663	33.87
7682	7.34
7708	9.07
7725	7.55
7746	14.38
7833	2.48
7913	11.32
7916	11.67
7954	24.48
7979	23.63
7984	24.44
7997	2.10
8003	18.21
8019	9.10
8026	3.15
8054	16.34
8078	10.37
8086	10.99
8137	8.33
8164	12.77
8250	4.19
8323	6.09
8343	14.53
8403	5.31
8505	2.31
8506	2.36
8553	15.39
8576	34.03
8596	41.93
8599	47.00
8620	11.41
8623	11.17
8627	-2.86
8679	2.96
8685	2.51
8773	12.07
8788	21.88
8791	18.07
8806	1.27
8924	5.71
8952	10.34
8966	18.79
8967	18.45
8975	18.72
9038	4.93
9116	6.92
9120	7.53
9129	4.36
9135	4.50
9162	2.13
9238	29.78
9286	15.66
9304	21.24
9339	9.26
9348	8.42
9349	9.35
9370	0.80
9381	12.95
9385	12.96
9413	8.54
9480	6.02
9498	5.23
9607	17.19
9637	16.00
9738	2.43
9816	19.29
9894	2.82
9931	5.72
9932	5.81
10032	14.29
10124	31.74
10158	47.62
10166	11.90
10198	8.36
10204	7.83
10471	6.86
10550	10.57
10568	24.19
10636	46.00
10690	15.99
10713	9.36
10726	15.55
10728	15.82
10750	2.56
10792	14.04
10869	41.63
10878	6.68
10902	41.88
10993	8.69
10999	8.14
11000	9.28
11026	32.60
11080	13.46
11081	14.93
11176	40.28
11268	32.22
11275	11.16
11296	18.60
11348	14.13
11355	5.43
11368	12.82
11432	5.08
11459	3.89
11595	3.47
11720	6.38
11742	15.57
11760	48.46
11766	48.58
11767	48.49
11771	47.27
11975	6.02
12038	15.10
12039	14.71
12106	2.57
12161	21.12
12169	13.85
12280	23.18
12284	1.65
12359	11.53
12391	14.48
12424	28.17
12425	28.74
12457	41.67
12505	1.90
12519	7.81
12539	18.99
12553	26.82
12562	17.88
12586	9.16
12597	8.86
12614	1.74
12619	2.24
12653	29.17
12688	20.74
12724	21.01
12730	12.26
12734	0.30
12766	2.67
12777	4.07
12778	13.97
12832	7.78
12995	5.60
13046	5.26
13085	22.16
13090	23.21
13358	9.43
13360	9.40
13438	2.36
13472	9.45
13514	1.76
13546	7.04
13556	5.63
13579	8.18
13676	15.89
13682	3.22
13685	47.61
13722	5.52
13886	21.08
13918	12.41
14026	1.49
14075	16.15
14089	15.29
14116	18.62
14159	62.95
14173	18.13
14213	7.90
14266	18.25
14285	8.42
14286	8.86
14302	9.02
14382	10.05
14411	6.35
14422	14.33
14439	28.15
14440	29.56
14452	27.70
14466	28.90
14570	8.67
14622	8.82
14707	14.40
14728	45.67
14754	45.74
14801	17.64
14803	16.67
14811	19.49
14819	18.57
14931	9.50
14952	29.74
15203	30.19
15226	27.49
15227	27.65
15330	11.21
15344	34.83
15351	37.70
15442	1.49
15595	18.89
15759	13.90
15786	10.10
15849	5.87
15863	4.72
15877	6.05
15891	12.98
15907	3.54
15923	3.33
15930	3.32
15933	7.07
15934	6.00
15940	5.67
15953	2.15
16013	11.10
16021	15.89
16094	4.12
16118	28.33
16219	5.87
16289	7.18
16292	5.35
16449	15.60
16492	17.53
16555	5.67
16571	5.68
16646	8.54
16650	39.54
16769	14.57
16813	8.92
16820	6.86
16830	33.05
16857	20.20
17044	4.16
17047	4.14
17124	1.56
17125	9.20
17136	14.21
17177	5.06
17251	3.10
17297	6.26
17343	38.37
17409	44.17
17418	63.20
17467	9.94
17551	6.20
17554	19.54
17574	9.62
17577	9.83
17602	3.57
17604	1.79
17606	4.46
17632	11.80
17642	3.71
17647	4.58
17727	31.97
17743	5.65
17772	32.85
17773	32.79
17801	14.07
17829	14.68
17833	16.00
17853	34.81
17858	23.24
17914	15.58
18003	20.97
18068	7.91
18069	6.98
18102	3.88
18116	11.34
18143	40.53
18191	4.54
18195	3.08
18227	7.40
18239	8.19
18315	11.95
18328	29.29
18398	16.57
18430	7.48
18498	4.37
18623	48.38
18638	52.88
18645	18.11
18708	42.75
18720	42.95
18727	4.33
18729	4.14
18774	27.42
18833	8.13
18880	18.51
19022	31.08
19047	16.71
19063	19.74
19066	19.82
19068	19.91
19069	20.72
19078	11.70
19115	1.26
19116	1.09
19117	1.78
19201	40.71
19299	6.47
19302	1.81
19307	21.78
19314	24.07
19339	2.96
19373	15.76
19437	9.84
19438	10.79
19455	14.82
19488	3.24
19493	11.18
19515	3.11
19517	2.74
19592	16.36
19606	6.32
19623	8.74
19979	4.29
19988	16.46
20013	12.73
20108	20.12
20119	9.63
20161	22.88
20267	12.21
20308	9.73
20313	12.55
20487	7.38
20501	2.61
20550	3.23
20555	3.02
20564	16.46
20577	3.50
20631	6.70
20637	14.03
20706	6.45
20737	7.86
20744	6.51
20762	8.20
20770	26.82
20850	9.88
20851	10.28
20892	27.84
20912	18.76
20949	16.01
20981	18.63
21080	29.80
21082	29.98
21084	29.45
21147	23.76
21163	18.23
21165	16.92
21185	68.92
21199	14.43
21241	5.66
21331	1.12
21394	7.43
21412	5.41
21551	14.86
21560	18.06
21572	5.41
21606	6.82
21611	7.77
21639	3.26
21651	3.08
21675	12.09
21753	14.44
21765	3.22
21789	39.19
21805	33.71
21814	31.65
21821	17.63
21883	9.56
21906	10.30
21960	4.37
22031	9.89
22046	38.19
22056	5.60
22070	17.75
22257	8.60
22258	9.99
22261	10.49
22278	5.78
22295	2.64
22324	6.28
22346	9.74
22373	10.38
22416	8.31
22444	9.09
22480	27.37
22604	6.12
22642	1.75
22666	11.61
22693	20.85
22696	8.52
22733	2.30
22757	4.59
22769	0.64
22886	13.78
22926	0.60
23029	26.58
23078	5.84
23115	21.09
23156	18.86
23174	17.56
23185	18.13
23235	3.43
23261	3.68
23281	3.61
23317	16.32
23353	11.82
23377	12.21
23413	11.54
23440	6.84
23550	33.92
23564	4.40
23568	4.45
23574	14.60
23579	0.67
23687	16.62
23906	20.60
23918	21.22
24048	16.42
24128	5.09
24131	4.39
24315	29.94
24338	4.27
24409	1.74
24599	3.03
24616	5.24
24748	6.01
24764	1.88
24765	1.94
24789	5.17
24839	24.73
24884	21.81
24929	24.41
24935	25.59
24937	23.01
24985	14.35
25021	15.07
25094	11.39
25141	14.37
25156	7.12
25343	3.27
25405	18.55
25418	5.99
25465	5.93
25470	5.14
25487	16.04
25517	11.74
25582	3.02
25677	38.21
25694	37.23
25723	8.50
25725	2.52
25732	10.15
25733	8.75
25740	10.07
25765	21.32
25807	9.68
25829	8.53
25845	8.82
26091	64.82
26142	26.09
26185	13.27
26187	13.33
26200	5.18
26218	6.39
26251	15.03
26270	1.68
26310	18.38
26321	5.21
26351	10.67
26533	4.84
26543	19.45
26596	14.29
26605	7.05
26703	26.77
26832	2.93
27065	13.67
27077	34.59
27078	36.04
27129	1.49
27171	2.72
27191	2.33
27310	11.08
27388	3.36
27393	24.53
27404	2.52
27440	3.58
27498	12.18
27526	2.24
27538	10.52
27627	2.52
27648	28.39
27650	31.21
27663	1.75
27765	15.67
27793	14.84
27811	15.45
27812	15.52
27829	15.34
27884	3.27
27930	30.20
27988	7.67
28028	3.06
28057	7.37
28090	53.36
28120	5.31
28140	10.06
28153	13.68
28173	17.63
28221	7.71
28229	8.94
28243	3.98
28249	6.18
28305	15.53
28350	7.12
28437	26.50
28485	15.12
28504	3.89
28702	22.13
28769	18.72
28785	9.16
28792	16.94
28809	2.38
28813	3.81
28841	70.60
28870	8.55
28901	10.66
28929	4.40
28944	17.23
29054	38.64
29155	18.92
29156	20.04
29235	18.92
29236	17.47
29327	3.61
29391	18.69
29420	52.20
29426	45.74
29487	19.32
29488	19.52
29500	20.84
29515	20.06
29516	19.68
29604	49.79
29714	2.01
29836	35.53
29847	24.84
29857	4.33
29862	16.23
29885	13.94
29983	3.65
30027	2.14
30035	10.35
30134	14.97
30157	9.74
30251	23.54
30343	16.24
30396	5.97
30431	7.51
30444	16.26
30504	14.65
30520	4.64
30553	8.97
30860	4.68
30885	5.33
30887	5.42
30904	-0.31
30967	11.62
31085	20.48
31106	14.26
31110	17.89
31205	1.38
31254	10.36
31265	12.13
31271	2.29
31367	1.00
31402	27.06
31433	23.27
31447	28.25
31464	11.32
31499	10.05
31503	9.82
31604	1.90
31656	11.84
31676	2.81
31685	2.73
31781	6.74
31875	5.21
31888	44.93
31893	4.14
32008	24.07
32013	23.87
32035	22.75
32093	6.37
32095	7.58
32124	12.38
32157	7.05
32159	6.85
32169	18.76
32174	16.58
32184	9.78
32192	22.51
32204	22.81
32225	2.42
32237	43.34
32259	2.24
32310	10.15
32394	7.32
32403	9.21
32422	11.64
32514	20.00
32633	4.14
32669	6.27
32747	8.51
32778	4.28
32816	16.67
32844	8.24
32848	8.75
32985	7.08
33015	7.27
33037	12.22
33068	2.12
33133	13.17
33140	12.71
33162	19.47
33189	18.20
33237	6.94
33272	5.02
33293	5.46
33294	5.46
33295	5.55
33301	2.64
33386	4.80
33388	5.97
33398	22.33
33430	4.16
33525	16.06
33562	3.30
33581	6.02
33662	3.55
33709	14.46
33753	7.46
33762	17.78
33804	19.51
33941	13.56
33963	4.78
33967	48.33
33972	7.89
34040	8.38
34049	7.20
34054	17.54
34084	1.85
34116	4.03
34124	23.03
34151	0.91
34164	16.80
34178	20.65
34255	1.83
34298	8.64
34345	8.38
34350	6.49
34389	7.75
34392	7.12
34644	27.30
34758	20.14
34789	17.88
34836	15.46
34979	8.47
35023	7.89
35024	5.09
35085	3.17
35095	30.36
35247	14.52
35252	14.38
35258	22.59
35261	23.62
35355	6.65
35401	60.78
35402	60.97
35437	2.75
35440	8.12
35485	12.05
35532	5.55
35550	16.26
35551	16.09
35552	17.26
35561	8.15
35600	15.66
35604	14.07
35658	49.31
35661	12.36
35677	21.39
35711	11.27
35723	9.96
35842	1.72
35849	6.29
35913	25.72
35915	24.72
35983	6.48
36047	55.17
36054	6.60
36123	7.34
36151	5.07
36166	5.77
36193	28.80
36225	12.03
36260	4.23
36262	2.71
36263	4.73
36392	10.66
36436	9.16
36640	5.77
36694	15.84
36734	6.19
36777	15.08
36863	12.79
36868	11.77
36873	11.71
36883	1.07
36940	15.57
36946	15.45
36961	15.63
37024	18.30
37080	11.60
37087	11.45
37116	2.33
37168	3.46
37172	3.37
37196	6.94
37215	23.95
37259	19.05
37310	19.76
37344	18.78
37433	4.23
37447	6.28
37454	7.01
37554	4.46
37613	2.31
37615	2.12
37664	4.96
37753	3.47
37831	38.01
37913	8.93
37943	44.64
37945	44.35
38019	5.08
38268	13.04
38338	9.97
38393	13.07
38394	11.84
38578	8.13
38580	8.79
38583	8.17
38584	8.42
38715	13.73
38747	13.11
38758	9.36
38771	21.81
38822	35.74
38839	79.03
38849	71.03
38865	4.64
39025	6.77
39027	12.71
39044	2.04
39118	25.46
39123	0.89
39127	4.70
39161	17.54
39170	42.94
39189	29.88
39252	15.62
39264	12.17
39418	6.56
39422	7.65
39446	15.91
39470	15.32
39499	9.53
39577	5.89
39579	7.24
39604	9.59
39701	4.19
39716	32.91
39732	2.42
39885	29.13
39981	7.12
40022	14.70
40035	14.44
40103	9.62
40205	13.07
40276	32.37
40287	29.03
40313	6.47
40353	40.65
40500	22.83
40522	18.72
40558	25.00
40587	11.07
40606	1.65
40633	15.17
40652	1.09
40653	0.77
40668	6.91
40669	7.39
40691	6.67
40715	17.21
40723	16.15
40759	1.90
40764	13.21
40765	9.99
40827	26.32
40884	12.47
40909	5.25
40946	15.62
41035	11.29
41044	22.16
41088	3.36
41093	2.88
41095	2.81
41121	22.07
41140	4.07
41141	2.85
41150	2.03
41167	2.76
41238	2.29
41398	24.22
41415	24.67
41416	24.10
41529	3.01
41550	39.35
41741	28.12
41752	5.97
41928	4.83
41973	15.51
42054	10.45
42063	8.95
42091	4.78
42092	4.88
42144	35.07
42249	7.69
42268	5.08
42407	8.52
42428	4.48
42487	14.02
42504	12.24
42534	12.01
42614	5.25
42698	28.97
42847	22.17
42911	5.72
43018	5.94
43131	10.61
43230	9.43
43259	8.04
43269	14.05
43281	55.31
43290	11.61
43442	5.13
43476	5.03
43606	18.68
43789	2.98
43790	3.45
43865	24.29
43884	21.28
43892	23.61
43904	54.55
43927	3.88
43964	10.86
43991	6.69
44007	20.07
44035	10.09
44085	1.89
44148	12.20
44162	4.35
44341	5.95
44353	34.71
44363	34.55
44417	4.01
44418	4.90
44482	22.96
44484	26.16
44487	29.77
44559	5.55
44677	22.95
44713	4.71
44726	11.54
44762	40.32
44782	6.52
44792	8.73
44936	6.48
44948	8.38
44952	13.28
44988	2.27
44993	10.17
44994	8.17
44999	3.61
45001	8.31
45110	2.90
45181	14.56
45204	2.92
45206	1.45
45274	5.72
45287	5.78
45343	19.89
45374	49.97
45399	50.66
45441	19.47
45512	15.75
45515	12.71
45516	13.73
45517	15.21
45549	14.84
45652	39.23
45653	33.94
45669	12.21
45679	6.95
45689	31.01
45707	1.57
45752	14.83
45803	8.06
45832	2.97
45930	16.77
45973	5.42
46112	2.94
46130	2.19
46143	14.82
46171	3.40
46187	2.78
46402	29.47
46404	29.84
46447	9.20
46497	3.67
46545	15.13
46559	4.22
46580	54.67
46632	1.20
46635	1.25
46638	7.98
46691	24.96
46723	10.01
46761	40.45
46805	13.37
46860	24.00
46917	-0.11
46950	2.37
46954	17.63
46995	1.15
47050	7.56
47058	6.37
47103	13.07
47136	7.40
47177	7.10
47504	21.03
47512	9.01
47545	2.13
47605	4.74
47682	60.31
47719	1.64
47762	10.62
47795	8.89
47849	27.15
47851	12.73
47870	1.82
47888	8.84
48044	4.93
48086	39.21
48100	17.51
48137	5.29
48144	2.81
48157	15.69
48235	4.89
48282	41.15
48354	9.22
48366	9.40
48401	3.72
48410	26.58
48433	10.19
48466	7.87
48480	12.65
48485	7.71
48507	8.15
48519	17.51
48535	2.24
48583	18.84
48601	32.83
48625	5.69
48634	16.02
48708	26.97
48981	7.75
49030	18.98
49068	11.68
49090	8.64
49132	4.10
49236	4.70
49237	3.99
49306	9.63
49335	13.67
49352	13.05
49373	4.39
49393	27.45
49522	20.55
49569	16.38
49676	9.34
49690	21.50
49703	4.16
49737	4.32
49739	11.88
49748	2.73
49750	20.59
49755	37.21
49787	3.88
49806	28.97
49810	9.44
49931	7.71
49934	20.80
49969	30.75
49982	7.90
50082	15.49
50105	3.21
50139	11.68
50150	8.50
50243	9.43
50245	7.02
50368	5.87
50369	5.91
50372	16.27
50381	12.06
50393	12.93
50485	5.47
50550	9.63
50565	19.59
50570	17.11
50587	12.24
50596	6.66
50667	23.43
50698	21.39
50817	13.25
50894	4.67
50909	6.64
50984	10.61
50990	8.40
51053	3.03
51083	0.50
51099	4.26
51100	4.31
51178	12.22
51335	10.76
51351	12.10
51356	28.52
51470	4.76
51488	9.39
51509	17.81
51524	16.95
51553	28.56
51683	28.74
51687	39.75
51700	1.88
51702	1.13
51740	7.22
51781	8.85
51795	10.35
51807	9.08
51890	17.31
51941	9.17
51952	8.86
51953	7.52
51967	8.23
51982	3.63
52040	11.55
52042	13.78
52045	15.06
52070	11.73
52128	21.09
52139	8.71
52164	14.40
52275	7.21
52284	6.90
52321	50.86
52327	14.33
52546	36.36
52561	3.15
52570	10.26
52581	8.67
52611	13.32
52664	25.00
52706	22.32
52739	2.72
52743	3.15
52843	7.26
52871	17.82
52920	18.80
52966	12.05
53004	17.49
53036	15.83
53075	11.22
53146	1.27
53235	2.78
53247	5.71
53280	50.83
53326	6.01
53494	10.52
53518	26.53
53523	22.73
53675	4.70
53684	9.65
53839	9.16
53871	8.56
53874	8.29
53911	16.87
53968	3.16
54090	7.40
54107	6.58
54119	6.18
54120	5.22
54189	10.56
54200	12.42
54216	56.69
54376	4.38
54400	4.20
54465	1.81
54472	5.03
54473	3.86
54481	10.08
54482	9.97
54488	6.02
54512	25.82
54552	5.81
54564	5.87
54565	35.29
54630	30.67
54731	30.60
54739	24.35
54748	4.01
54859	7.84
54915	13.45
54929	20.38
54952	3.37
54953	3.97
54957	3.33
55021	11.22
55027	1.92
55035	1.36
55190	8.99
55226	27.57
55267	28.15
55287	2.38
55296	40.19
55550	13.59
55632	5.54
55650	5.25
55665	4.57
55795	12.13
55849	4.24
55885	10.42
55928	16.45
56010	50.70
56011	51.39
56040	10.89
56060	15.34
56072	11.20
56123	31.59
56142	16.45
56152	8.69
56302	5.83
56315	6.21
56333	5.86
56403	3.24
56499	2.69
56618	7.95
56661	11.52
56689	14.21
56699	7.77
56899	51.79
57012	24.29
57056	4.47
57059	4.74
57071	30.92
57141	11.54
57149	10.74
57228	29.73
57229	30.97
57230	31.04
57295	13.51
57365	5.64
57372	52.21
57383	2.76
57508	1.57
57531	5.37
57543	34.86
57555	27.27
57559	7.34
57653	21.46
57656	28.19
57746	12.00
57838	14.09
57845	51.52
57850	51.34
57889	10.72
58064	3.38
58087	3.44
58093	3.88
58102	3.71
58137	6.56
58192	10.15
58202	9.25
58203	9.64
58235	9.76
58237	10.23
58281	9.98
58284	10.23
58285	8.67
58286	8.53
58427	19.78
58430	2.75
58529	2.41
58674	8.67
58715	17.89
58749	4.68
58813	31.15
58841	4.04
58962	13.04
58971	4.54
58975	10.54
58985	5.90
58997	3.89
59014	4.43
59045	6.29
59066	4.22
59068	6.90
59113	9.25
59176	4.69
59300	5.30
59395	10.99
59411	11.26
59442	6.07
59486	22.65
59625	19.01
59632	40.72
59689	11.27
59692	10.68
59762	20.21
59813	4.19
59818	4.80
59826	15.52
59827	15.46
59888	23.70
59916	28.95
59953	9.16
59993	6.92
60031	9.35
60041	6.19
60060	5.98
60128	6.70
60144	15.97
60169	20.46
60223	6.62
60240	4.39
60244	4.32
60297	30.28
60495	7.31
60510	5.47
60543	14.96
60587	10.73
60594	2.29
60682	8.91
60729	34.52
60741	6.72
60753	7.89
60775	0.96
60802	21.85
60806	21.62
60835	29.39
60879	16.62
60903	5.93
60908	9.81
61001	46.70
61024	15.78
61025	17.59
61034	15.62
61035	17.14
61048	15.39
61105	6.97
61174	34.25
61291	4.41
61300	14.98
61332	6.08
61416	2.16
61470	17.99
61475	18.21
61538	7.93
61543	0.87
61602	34.25
61625	10.59
61635	9.54
61675	13.29
61730	10.42
61759	11.50
61794	4.94
61800	5.52
61803	4.62
61825	9.28
61844	8.03
61923	3.09
61939	2.46
61974	25.28
61980	21.93
61989	20.99
62029	11.63
62059	4.17
62062	5.43
62124	9.61
62136	8.51
62253	42.72
62281	9.57
62282	39.02
62360	17.41
62442	44.06
62448	36.05
62457	9.80
62467	17.73
62519	4.28
62539	16.58
62591	5.03
62619	3.24
62672	11.33
62737	7.42
62753	4.16
62763	5.46
62951	27.44
63016	5.15
63037	13.84
63046	13.38
63076	4.78
63110	17.91
63164	24.70
63272	2.91
63382	20.06
63427	56.94
63471	11.94
63684	24.16
63700	6.55
63743	10.83
63747	3.65
63778	4.97
63798	4.86
63817	24.53
63843	18.12
63873	4.83
63885	6.26
63911	5.57
63916	6.30
63918	7.03
63947	2.61
63961	10.98
64034	9.47
64056	4.19
64092	3.97
64196	4.09
64239	15.83
64263	31.09
64345	26.27
64359	34.45
64367	4.85
64472	10.58
64576	10.59
64581	5.07
64656	15.26
64660	14.32
64749	42.78
64751	39.98
64766	6.59
64868	11.82
64870	8.19
64922	9.17
64961	32.66
64981	1.19
64992	2.43
65008	19.27
65021	18.10
65045	6.61
65054	8.97
65074	40.36
65114	8.02
65173	1.14
65324	5.42
65360	29.53
65394	8.15
65454	16.00
65480	32.09
65487	2.69
65494	5.62
65659	12.99
65704	37.56
65868	19.12
65897	6.99
66061	8.59
66096	16.39
66201	12.68
66238	10.73
66281	5.44
66288	20.27
66412	11.10
66467	28.77
66504	26.85
66522	41.36
66552	10.56
66668	5.81
66708	39.13
66749	6.64
66772	3.50
66773	4.73
66778	3.77
66784	4.25
66812	19.65
66860	16.75
66864	16.66
66918	16.33
66959	31.69
66969	24.37
67040	7.82
67041	8.11
67044	8.31
67083	11.19
67150	14.11
67156	16.70
67179	10.90
67226	5.82
67282	40.75
67286	45.68
67291	18.42
67327	1.39
67328	3.69
67372	8.30
67411	8.15
67524	11.43
67543	11.16
67544	10.91
67545	10.59
67578	11.30
67579	10.54
67593	10.08
67599	9.83
67623	9.70
67627	10.52
67699	2.82
67706	1.74
67707	2.44
67838	1.46
67845	4.94
67850	25.74
67872	10.07
67874	7.84
67876	14.70
67880	8.64
67925	9.37
67972	34.78
68019	10.15
68113	6.14
68119	6.26
68128	6.06
68231	33.76
68397	12.09
68408	4.67
68411	12.04
68571	19.77
68579	3.86
68605	6.48
68661	13.01
68698	23.06
68755	17.41
68761	17.10
68803	53.44
68890	16.33
68975	11.90
69010	12.64
69051	21.70
69121	16.43
69145	17.99
69146	19.46
69158	13.31
69179	3.38
69181	5.30
69198	6.84
69363	7.47
69383	27.07
69394	25.28
69436	9.44
69589	19.94
69717	11.18
69721	13.02
69750	6.33
69775	3.83
69790	10.60
69874	1.53
69886	6.93
69889	7.29
69916	6.66
69952	4.60
69991	2.47
69994	31.07
69997	37.56
70056	3.73
70084	3.67
70150	18.50
70203	21.10
70304	8.80
70320	32.22
70341	2.80
70371	13.49
70416	18.71
70456	4.76
70476	4.38
70493	7.60
70557	1.60
70686	25.66
70693	4.76
70798	3.37
70994	4.74
70999	4.49
71039	12.63
71043	14.27
71086	20.88
71201	36.30
71209	27.40
71269	42.41
71276	9.70
71299	13.93
71385	18.59
71396	16.83
71433	8.08
71546	15.14
71558	5.12
71565	14.04
71678	8.69
71680	10.03
71729	3.68
71776	4.21
71854	6.75
71931	7.53
71948	9.62
72055	49.25
72252	9.29
72263	5.73
72269	5.50
72407	10.11
72429	9.64
72476	4.75
72484	6.82
72487	6.83
72561	34.93
72683	17.24
72720	15.95
72764	4.23
72887	23.28
72929	7.27
72952	5.12
72981	45.59
73055	8.38
73138	29.18
73190	7.51
73225	2.59
73234	16.05
73261	3.24
73274	3.73
73276	3.55
73282	3.93
73431	8.80
73525	9.09
73588	15.08
73591	17.32
73649	19.37
73686	7.80
73707	21.22
73733	6.14
73738	5.44
73763	5.17
73784	18.33
73880	12.27
73887	2.28
73931	7.35
73940	1.28
73966	5.84
73990	5.81
74022	5.76
61496	38.25
11262	5.58
33289	13.27
70230	16.81
64950	2.21
62449	39.93
11206	44.22
26072	40.72
52601	8.59
24453	41.09
64960	3.65
59225	4.53
23794	6.86
6135	33.98
4252	1.33
45120	11.01
52290	11.67
33681	8.85
8075	10.14
55597	7.52
65422	7.67
69520	28.64
7023	16.35
26775	8.37
15908	3.45
3424	15.76
73548	9.84
14427	12.39
3865	5.23
60881	17.42
64572	8.48
64843	20.05
41185	12.76
13575	1.66
45351	3.99
17732	35.41
40650	4.73
47195	4.73
34952	1.10
51543	30.63
21154	23.88
31702	2.19
17086	10.29
22143	23.23
16844	19.37
21744	8.19
34499	23.23
4860	3.28
36702	15.91
23352	12.79
19474	9.96
63998	47.36
23411	10.84
49881	8.92
7775	2.28
62057	3.66
21022	6.13
58956	8.95
43814	10.42
28356	10.87
47481	24.64
11204	43.92
19579	15.12
46584	34.13
19287	4.59
60468	10.78
27989	8.27
67020	12.84
28046	10.73
68265	9.24
22618	15.96
36203	8.75
22976	7.96
2377	3.37
14103	26.65
45587	17.07
44885	2.91
41710	6.38
28490	14.38
33148	21.65
22348	11.48
47962	3.45
55937	16.86
26104	19.23
41666	16.89
17495	76.64
52302	9.55
67060	11.65
39565	-0.24
21054	6.87
26409	23.83
19496	11.17
66110	3.23
4934	27.60
18853	12.74
34548	7.61
23420	10.03
66108	4.59
11838	9.07
53623	2.56
64657	14.70
62306	27.68
43130	6.68
8546	11.74
23769	64.56
51230	10.77
22117	47.02
27502	3.24
2316	23.30
48175	8.80
73200	8.73
66205	14.48
9219	2.87
64456	0.92
52760	45.13
33348	4.81
19326	25.20
54294	11.77
39969	1.84
72938	51.88
25648	15.22
11560	18.98
66851	18.83
29895	14.12
18590	18.80
60632	27.11
28137	8.49
15850	6.32
9606	18.52
3489	12.75
31211	33.11
34431	17.70
63516	11.97
64797	17.57
71718	4.55
70713	16.09
52453	6.92
23095	7.69
44330	12.59
71552	20.82
43562	5.83
55459	2.39
20050	10.49
9190	19.84
7434	18.80
8933	9.38
39557	7.25
39724	5.25
41918	2.65
26899	19.61
35383	10.08
22154	21.49
44676	25.72
21373	2.37
40878	11.12
64940	3.53
30205	20.13
44140	14.32
2470	78.54
53112	5.90
57800	11.79
58660	6.60
19222	6.79
5387	24.50
20715	8.61
63794	4.72
53804	6.07
13091	20.79
7465	71.23
35203	9.17
59803	15.87
32417	11.97
73290	16.65
40560	26.70
15440	3.97
55111	14.92
64159	11.76
7588	26.22
10118	4.76
41602	2.54
7165	13.89
61367	22.37
73382	20.47
22147	23.48
16112	27.75
22822	22.37
37140	2.53
18202	1.92
13883	3.68
68904	5.87
12416	29.58
44822	6.43
31309	23.04
51173	12.97
38273	8.82
44854	4.05
46033	11.72
33385	5.56
14229	1.41
70641	8.21
13487	9.59
10695	36.81
46265	21.11
27759	6.78
69393	25.54
36897	10.57
37326	24.96
26381	10.46
58486	3.43
43145	16.37
47613	10.10
69485	8.10
15642	2.96
23882	6.88
7371	29.50
7859	5.45
20894	28.82
2186	53.77
36699	13.97
39970	2.20
54031	16.54
25023	15.89
42334	0.14
21360	5.34
10243	32.59
57428	11.25
16766	13.44
8625	8.88
58094	4.20
46840	23.12
68317	64.05
10446	12.62
42180	29.58
20724	7.65
65242	22.49
58440	25.80
56238	2.50
66105	15.95
35042	3.77
63014	15.28
68315	53.37
69602	35.20
7248	9.35
64041	10.25
17331	39.04
6363	20.90
7093	29.79
38756	14.30
7609	20.75
19600	21.65
19067	18.38
29239	18.73
43500	11.13
16627	8.09
52331	14.08
66241	16.71
15362	40.16
40252	28.57
42339	-21.66
48014	5.23
31222	10.45
57928	7.30
46128	3.55
67923	5.40
57987	3.98
25407	18.35
23056	13.00
4448	15.16
23391	11.04
18766	26.19
2925	22.80
39537	9.41
25280	22.16
42509	11.71
61391	22.84
47095	13.30
41871	18.11
27333	4.14
73127	13.29
21479	11.42
16880	11.52
69643	22.50
37248	24.30
1832	5.92
26453	11.32
50032	8.36
61695	27.30
59817	4.39
12091	3.13
46328	4.67
36388	9.49
46977	21.59
71981	9.01
63198	35.76
6054	15.73
39177	32.96
64661	13.75
34704	19.60
42237	1.62
39007	25.16
64995	1.54
39622	2.42
27674	8.65
28746	13.28
25375	10.74
19142	9.92
62582	4.92
55276	30.32
14175	24.74
63129	3.63
22853	7.61
46949	23.05
32670	5.88
24069	13.27
37507	13.74
33239	6.34
68105	4.38
30981	13.36
4191	24.90
51353	2.43
32029	40.62
5086	1.78
34125	23.19
59739	24.05
34193	17.93
40651	1.18
20792	1.87
2284	9.81
66758	4.66
29202	3.88
60660	8.37
70739	8.04
41976	17.64
56695	5.77
59278	4.25
47869	2.86
61700	8.55
29525	19.38
9969	16.18
16096	4.44
38494	1.12
50117	2.49
8942	10.19
64684	13.94
25428	7.58
48865	28.53
31646	11.30
59387	12.38
35828	24.34
7061	3.10
56312	7.94
18912	7.88
28998	12.78
57217	33.12
41924	1.49
15132	24.59
61745	7.25
50915	7.51
37808	2.16
45219	20.08
21029	6.41
28373	9.18
4532	35.49
34706	19.31
18038	26.09
39488	15.44
59771	24.09
41939	58.47
41287	14.88
15476	6.82
33946	6.16
32834	11.54
31094	16.56
42751	40.43
28327	7.56
61049	16.47
41460	7.89
36683	28.66
66420	6.82
40596	20.83
20670	7.28
17248	19.42
26492	15.04
19171	8.75
73988	5.58
13604	37.51
2041	12.74
30775	9.68
68748	17.42
63956	8.38
63540	9.66
17690	25.71
69382	29.41
58195	9.99
4539	44.87
64012	41.72
30231	18.43
47753	4.31
26233	6.15
7140	77.67
26300	17.23
23038	27.18
17976	10.36
15647	63.69
21655	3.15
9643	15.84
5683	2.42
42611	10.17
15150	2.18
73729	3.44
14363	11.86
73700	35.73
43150	12.31
32729	9.61
60439	16.40
73713	16.17
49343	12.09
49432	3.84
23617	17.89
71724	4.33
32246	35.61
62475	16.29
55888	32.77
65521	10.78
4974	6.02
49093	3.04
40508	23.41
24368	22.00
45892	20.80
45435	4.37
3109	11.54
38060	53.87
57316	3.95
56139	1.77
54475	3.80
36641	5.60
17700	6.58
46985	26.53
24782	14.15
9901	17.48
40929	5.82
30095	6.31
8503	4.03
23301	17.29
42161	34.07
15359	38.59
60494	7.06
52910	18.09
4115	35.04
71757	2.56
65978	15.80
31444	26.53
15804	21.22
44739	8.50
57846	52.40
15360	37.25
60904	9.28
45471	6.10
63368	23.96
30224	19.21
14272	35.30
12037	14.32
52391	52.07
63860	10.72
1932	6.30
72966	9.72
61180	67.76
35912	24.97
68459	36.36
4389	19.54
21485	11.65
28411	26.21
54768	16.00
43075	8.56
60944	14.53
12116	6.74
35676	23.36
49017	7.02
69880	2.64
69325	17.85
68996	3.12
13601	37.45
13195	13.05
21610	7.66
52154	6.66
38767	14.17
73195	8.98
28835	44.84
57447	19.72
39456	13.19
4383	52.83
28268	4.59
72531	9.97
41872	68.69
2996	6.84
37989	30.76
5164	15.09
2666	10.02
18303	8.38
67177	9.77
36576	7.56
31593	7.29
64076	32.85
64844	20.29
17045	3.73
54868	4.48
20509	20.35
25916	4.25
4099	37.71
51043	8.48
71061	14.77
5433	5.82
10866	5.99
72832	3.12
5318	27.33
41188	12.44
34549	6.91
73112	17.24
24125	3.57
29070	17.77
71008	14.92
30040	34.03
48182	22.90
22144	21.05
31559	39.21
39367	9.18
45745	27.93
38136	2.85
31683	2.75
65094	38.22
63612	42.11
38476	74.20
66550	17.71
72811	45.12
8589	2.48
24710	9.33
37366	22.28
22500	9.51
65585	6.72
36079	1.32
34731	17.70
34787	16.41
59703	8.91
59133	35.13
8034	19.34
15644	6.55
13208	3.38
10329	23.38
46618	7.72
73136	4.04
34763	30.32
26266	4.33
59013	3.61
69807	4.07
31944	4.54
65754	9.81
20929	11.92
58677	16.29
70661	21.41
6725	16.43
50950	9.94
9186	19.77
42713	22.89
13367	10.92
34609	4.73
18004	20.88
69718	13.67
45460	13.13
8757	132.21
65799	18.93
12006	6.21
10745	11.14
70400	19.49
63022	12.78
48536	14.90
13769	8.73
20898	33.48
17812	1.65
72980	48.82
34421	6.60
23816	8.94
20177	5.12
51458	22.79
47988	6.08
61073	18.36
27527	6.82
23463	23.96
51392	21.12
57084	4.87
17763	4.44
35013	20.84
28027	3.83
58625	60.39
47694	25.73
67361	2.40
55373	3.45
60193	18.01
60880	15.39
45546	17.56
24078	7.46
67703	2.84
14236	4.93
72122	16.58
44348	31.76
35554	17.36
45683	28.49
23912	21.20
61647	8.42
38280	11.94
43815	10.24
2006	9.77
7621	21.22
53054	17.51
31857	10.60
62359	22.58
4009	3.94
17843	15.48
51057	2.33
28159	44.96
38292	11.45
69446	19.10
4175	3.60
63737	15.21
12267	6.17
17626	12.29
34687	51.16
5656	8.48
40881	12.49
50692	3.37
59270	4.33
55063	11.40
48971	13.32
11344	27.93
49302	10.24
11301	20.66
55441	7.62
19650	10.20
23199	112.68
4162	92.26
68971	13.71
5380	10.42
62552	9.48
19648	9.40
10463	6.92
45178	16.29
3562	23.43
15998	29.75
47128	3.78
72941	6.67
37599	7.75
45554	14.55
12304	21.61
6709	16.30
18701	16.32
62728	8.53
24500	9.36
73362	20.46
16768	13.93
2404	7.31
48424	11.54
17069	7.16
20989	18.55
49691	20.52
71014	16.57
41336	15.90
57946	24.37
37132	2.56
59488	25.65
24505	11.12
9241	29.62
23927	38.48
44445	21.03
69512	32.45
67424	7.91
67969	5.49
54180	27.43
48627	7.12
55503	22.72
6213	3.22
73989	5.83
11364	15.07
6298	35.19
2298	8.96
55306	12.27
48700	3.70
64296	9.30
6295	35.61
25587	21.85
57419	3.00
61840	6.06
18412	27.29
16753	13.14
73669	3.57
50136	11.14
62612	45.06
31023	12.93
3205	13.67
1723	3.03
19057	25.42
67641	21.49
45607	14.50
40726	16.69
57353	10.65
33852	18.21
64225	8.57
23334	20.51
42524	10.69
53850	23.61
42109	6.36
70890	8.56
71553	4.84
40571	28.31
51175	13.91
28126	4.53
64000	41.42
11092	2.77
55403	29.08
44697	4.05
25404	18.71
23983	5.78
12336	3.77
26005	48.12
4910	23.78
12415	29.64
17088	9.98
40943	17.14
37825	18.32
43752	7.06
31565	38.59
32381	15.89
50525	4.24
72280	7.20
55602	8.78
17983	12.13
51567	7.00
66518	41.19
28322	7.15
18805	6.25
52804	10.63
54629	27.94
61673	16.48
69087	19.47
31439	6.25
60766	8.18
40709	16.78
66065	17.81
54343	1.20
12303	21.47
48421	12.06
33481	23.47
56726	18.17
13081	11.57
55700	15.19
43031	27.35
4741	18.76
53837	8.27
6118	26.72
35390	8.60
56357	5.83
37377	24.86
67147	18.31
5834	14.51
73762	6.00
11202	12.79
9436	1.54
32689	1.63
57601	10.04
69615	7.60
64077	36.55
54575	19.01
48895	18.96
45658	13.26
53546	49.16
59296	10.92
63135	8.28
69781	3.40
40930	4.96
54113	6.86
41734	31.77
40941	9.92
69120	16.59
62570	13.89
42576	10.11
40801	5.42
12545	26.75
29717	3.16
33888	5.03
40860	9.55
73472	15.63
41930	3.47
71221	42.13
72869	48.36
24468	10.21
42589	10.24
54730	27.71
52287	5.45
26139	26.02
9350	8.26
26912	12.08
12608	5.77
29164	22.05
54997	6.61
59924	14.53
35737	21.24
39686	25.77
52298	6.37
37787	5.68
54413	15.60
67917	3.70
46945	22.17
13723	5.52
43679	21.24
60653	27.84
62716	7.81
24262	-81.06
14475	10.29
32793	5.33
39270	56.21
49324	70.90
40957	15.38
3549	8.91
28334	7.41
72937	52.02
66413	11.03
18971	11.57
35898	23.92
63271	3.14
45868	10.68
38694	12.38
64289	14.06
22846	7.61
31270	2.08
27700	8.86
12498	1.63
69965	6.16
71650	7.88
51845	11.44
27442	5.08
67421	8.59
65092	39.17
62724	7.57
37098	24.22
31688	6.91
30296	14.14
27033	9.09
35851	6.20
8049	8.60
40984	12.28
70536	38.15
20848	10.41
12522	7.33
25408	18.54
14889	3.40
24883	21.84
62914	26.41
17448	9.43
48187	11.61
10727	14.59
19296	10.99
31729	19.00
55952	15.02
48959	13.44
69050	18.74
21667	4.04
10715	10.29
22270	8.12
33587	6.45
70492	6.71
71846	17.22
40658	12.82
22758	3.96
34299	6.85
74014	5.72
31895	4.06
45140	11.78
2721	11.29
52711	4.00
66434	20.62
40305	9.14
68351	15.74
68782	8.25
28770	14.94
68092	15.32
18976	11.67
8980	5.39
38082	31.55
55427	7.31
8711	12.03
68627	11.61
73663	11.31
22237	10.67
51111	4.72
59039	7.48
58400	18.34
60976	24.40
46540	6.53
8330	5.48
73223	16.77
17610	4.52
64426	18.86
53170	26.79
53564	10.30
39672	12.58
24969	23.25
6663	5.67
59409	13.05
71944	10.52
44606	78.51
43913	7.57
55588	26.16
63119	19.13
9717	11.55
32025	40.36
47593	4.49
4468	24.86
12353	10.02
31075	11.30
50819	13.24
69130	18.12
64422	18.47
52548	40.87
39719	32.05
29957	20.17
17799	65.65
36972	25.16
37593	1.00
6902	17.62
29615	5.97
47527	9.86
55609	7.64
73706	19.45
23865	6.36
17831	12.51
36671	28.73
21681	12.10
61903	27.28
35702	6.62
44568	7.15
28906	10.64
26078	38.68
17650	5.23
72646	9.28
45201	3.29
41497	7.92
72775	20.76
39907	5.48
23184	18.23
69324	17.84
29080	17.96
13001	5.66
26469	7.22
38391	35.16
17844	14.48
20261	32.02
45250	58.59
13818	8.61
15342	10.70
71313	4.11
19718	36.43
34967	9.94
30460	15.55
53119	6.08
6685	8.86
42775	3.49
39855	13.31
3833	14.78
38497	8.14
19403	17.11
62167	16.10
9276	17.91
36784	19.39
4587	15.12
69127	16.62
36254	4.81
42202	4.29
2592	8.21
16767	13.86
27271	7.53
39455	13.33
55864	18.95
40172	9.91
58699	18.39
9683	18.04
37700	10.06
18709	44.75
33726	14.41
36958	16.07
60699	57.98
52067	12.41
43199	5.30
35643	8.29
23802	6.81
10486	9.64
30639	11.42
54257	29.94
52660	24.80
55154	16.15
44066	17.95
52742	2.90
37365	24.08
73675	3.89
36534	8.37
65642	30.16
57548	37.64
18655	18.07
64308	36.13
42774	3.60
12315	13.87
71136	6.50
50509	10.32
55202	8.74
60446	34.17
8777	18.48
28223	8.82
2672	3.86
67181	45.10
18319	8.22
13312	16.35
10216	24.70
64714	15.40
23703	14.31
15791	9.89
16942	18.69
20497	40.95
43035	3.58
9733	2.31
64846	20.79
26402	12.30
26744	7.56
53505	9.35
24204	65.84
12323	20.10
64295	9.05
30560	7.81
23545	3.15
25396	15.58
7254	9.09
4169	35.17
66702	17.71
14426	10.58
50802	13.02
30549	7.31
45672	12.98
66431	6.87
54008	11.11
39028	8.92
27770	7.85
36725	5.50
16711	6.98
2453	12.81
39676	7.65
51441	13.03
36655	28.51
63777	9.26
10960	17.94
14265	30.42
69930	6.35
31203	0.95
44560	7.20
11486	27.71
50904	6.93
47806	18.80
62834	73.98
65095	37.57
35533	6.36
33313	25.92
11225	19.83
36698	12.53
11644	46.62
63508	9.10
29101	15.75
10600	23.10
6536	2.70
11237	13.85
13960	12.76
10369	21.55
70113	12.15
9028	10.35
62581	6.41
7802	2.55
14336	16.86
23159	19.52
60805	22.97
38562	14.61
52217	5.16
20978	8.92
20194	4.56
24317	33.72
70766	24.75
42868	14.53
7382	2.89
30332	24.49
7033	16.91
17292	11.21
51345	11.74
43779	21.00
69180	3.41
41853	4.51
25392	1.72
20114	41.28
43929	2.53
51432	33.64
29541	10.12
33524	16.20
20259	30.84
65012	19.84
15598	17.15
59297	26.72
13552	6.82
42014	14.07
6079	16.48
10939	5.66
5057	12.43
21045	9.13
7283	18.27
34941	40.11
21850	16.91
52572	9.90
52765	40.14
72723	17.83
52168	14.52
29549	12.62
68577	2.19
32946	10.64
31219	6.78
27298	8.74
28509	3.70
45493	44.90
20397	4.00
23186	17.38
28940	16.86
49156	6.54
17317	32.18
68153	2.58
19442	16.80
30045	42.71
8274	38.44
25649	15.49
41175	32.84
39810	38.28
14134	5.86
31513	1.06
26774	9.18
31046	14.25
42996	5.81
38076	11.07
68430	16.34
8233	21.69
57852	51.35
37588	19.80
73648	18.11
61598	37.65
8461	16.68
68178	11.45
33937	6.93
2487	5.18
49290	53.31
28863	16.06
53023	14.75
51204	12.81
10989	20.46
5900	15.24
66596	20.20
28172	16.87
21542	0.14
38847	68.69
33259	5.28
17665	36.26
60776	0.23
45411	4.40
60946	14.09
4189	38.37
42591	10.13
14267	17.20
51950	7.71
39980	7.61
39966	22.49
27023	4.53
52502	10.80
70236	18.44
54994	5.88
32637	4.12
23732	6.25
37127	13.08
73402	15.71
60541	5.79
21690	11.33
57528	11.20
31657	12.30
49761	8.21
21642	3.16
7196	2.57
29474	9.22
11768	48.58
53483	9.97
23649	15.72
32705	4.40
67388	12.87
9719	14.66
42013	14.34
57268	8.47
54876	18.99
36921	3.60
6922	2.05
59069	1.07
18187	3.32
3428	3.78
59341	15.58
2791	1.14
35436	2.73
58242	8.12
69015	11.85
53358	20.93
47264	28.63
35612	8.28
16027	16.17
20988	21.16
48288	16.26
54744	17.06
73654	8.06
8375	3.36
36391	9.95
20035	12.16
68710	4.79
65003	2.79
15643	8.60
36737	17.39
6359	19.52
4059	6.66
72568	35.81
26118	9.59
10947	18.77
6931	2.04
45997	32.89
31653	12.52
67576	11.45
64429	18.34
50922	12.20
4951	6.04
50818	13.32
61061	17.94
14056	14.44
60065	7.64
56579	7.23
9468	8.01
22040	31.08
40880	12.98
3482	37.90
32704	4.21
58234	8.15
63410	2.79
53055	17.63
54508	26.36
70962	15.03
27253	17.74
16240	11.28
27669	3.15
29808	21.46
69088	19.28
23978	4.40
62316	30.57
54135	7.73
7357	2.27
10491	14.95
38826	50.94
45980	6.37
59545	29.90
35831	13.56
27353	13.08
39946	72.89
31042	12.93
72154	5.91
53846	3.38
31061	11.80
44504	4.70
56838	6.11
32566	11.30
38377	3.71
47856	11.79
54134	7.57
40777	6.21
45925	9.34
21729	31.12
2920	21.94
1916	29.91
33424	3.68
49593	54.54
41208	7.17
31403	26.83
64607	22.69
6467	20.06
63834	20.35
43138	8.80
57134	13.62
14919	37.52
66932	15.64
36378	9.78
20515	16.36
66721	4.66
34689	52.31
65818	23.34
61847	6.30
43487	7.06
57649	20.54
18441	20.80
32063	7.42
71720	3.42
32405	11.43
28439	23.08
42254	6.18
23508	13.82
49442	12.61
14793	18.52
68282	54.57
18243	8.72
19779	2.73
69249	17.73
49125	4.00
37895	29.16
58280	8.10
73971	5.39
22412	12.42
49935	20.76
4783	12.13
48502	7.87
29082	16.24
49862	6.25
46583	57.57
2612	18.85
62181	10.53
70791	2.82
6560	4.53
20167	10.00
8458	20.17
45552	14.16
47608	5.01
54783	30.23
9240	28.42
59707	9.40
25676	37.24
32795	15.87
67674	8.93
34950	0.99
47309	5.36
11646	41.42
44443	18.12
45031	12.98
48623	7.30
58608	11.46
1807	12.30
51566	7.23
59893	23.49
41940	58.31
10150	15.62
57122	7.42
52221	4.51
70495	6.00
28355	11.80
25384	10.85
6472	19.27
33261	5.01
32836	11.20
70507	6.78
40965	11.62
50685	25.53
20971	10.53
54377	4.28
23779	9.68
15656	56.30
35352	7.83
27813	15.35
24063	14.63
30339	27.34
10215	24.77
26862	47.48
17566	20.87
34420	7.19
43435	2.01
38469	23.53
12573	29.47
66494	12.22
26032	8.49
38707	6.26
41772	20.13
53209	12.14
7861	7.27
24977	24.25
71591	3.00
69879	1.70
65247	38.72
34458	9.54
10399	19.92
29036	1.06
48123	9.13
7598	16.61
73302	3.42
70050	11.02
16253	10.72
56275	17.64
32087	6.15
23196	32.90
51082	12.38
70684	13.43
29592	8.30
53149	33.92
33893	5.02
55449	13.18
11066	13.27
37540	10.39
22779	24.43
50366	5.45
9639	17.32
21040	3.51
42752	41.22
39122	5.89
38192	11.13
5432	3.36
62999	5.59
35847	6.13
19841	23.75
71254	12.92
36929	19.20
72017	22.79
71679	8.54
11230	15.29
39389	6.59
23080	20.97
24424	20.89
65303	9.68
14321	18.87
57023	15.89
43441	7.80
66598	21.12
48813	14.18
14107	5.02
61284	3.85
56198	25.97
72707	16.52
38075	13.27
57376	15.67
26684	7.93
48412	25.35
37853	45.70
70837	14.78
29784	17.60
49824	21.78
64291	10.56
59751	21.19
57036	14.35
70771	23.94
65224	3.64
26309	16.21
46823	20.78
28341	4.98
54318	7.01
28127	4.39
68687	7.85
43523	12.30
55860	16.04
40048	4.51
53827	4.85
74057	8.74
72828	10.88
18595	3.91
10680	8.10
19387	7.10
49627	3.54
6906	17.49
46806	15.54
73399	14.55
34537	7.28
32039	22.50
3521	24.66
58512	11.69
62157	12.47
12418	27.50
49486	21.29
37878	14.04
36284	7.29
49532	12.42
8312	5.60
51235	26.82
17741	5.66
37799	6.35
53294	38.16
11613	9.52
32580	12.62
50488	16.60
9854	25.17
36746	15.78
3282	3.81
11302	20.75
48687	20.05
21495	4.15
30198	19.10
72117	6.95
27658	-6.11
30342	17.11
11765	48.66
64009	42.75
41839	31.59
64085	12.38
18115	11.56
31496	10.43
25289	21.32
41223	9.75
51875	5.61
28936	64.12
49443	20.21
65534	7.69
16187	11.84
54983	36.46
17588	18.71
15657	62.14
19736	38.22
50015	5.54
66344	42.45
73119	17.55
35130	4.61
7378	4.43
13186	9.64
34849	20.84
56108	10.64
69621	7.63
19453	14.70
31672	5.29
70513	4.78
29813	21.40
58061	5.52
71855	6.72
20959	7.16
35330	14.67
45298	20.41
37712	7.44
40061	10.68
70289	7.90
72778	18.60
71577	16.33
56339	3.88
4609	35.48
11707	8.18
58193	9.45
28849	15.42
73932	6.53
45828	9.36
36242	13.47
63535	9.09
38955	3.55
16464	2.14
16054	5.09
70669	2.73
19060	4.79
10370	23.20
15157	7.65
49621	3.81
23741	3.78
5976	1.97
63260	24.27
69281	26.95
14234	5.14
63458	11.79
65395	8.57
31748	10.42
49740	12.12
36525	8.64
11063	13.15
10503	14.33
23767	13.91
33527	19.51
41186	12.99
12662	7.15
69698	12.21
32206	25.20
57495	8.93
50446	5.41
3711	3.22
15912	3.61
73741	3.81
68217	53.27
38691	14.79
55556	16.63
51260	46.52
70510	5.82
59515	19.19
68857	15.77
49391	25.32
70663	2.42
14437	27.99
43172	13.09
37978	9.11
11162	7.65
44076	18.20
42725	27.39
68741	18.28
56701	6.60
65502	4.92
44072	20.49
6968	2.52
36886	6.35
14588	10.94
15795	5.03
24972	26.49
52770	11.98
39610	2.58
6754	14.39
4207	5.42
5543	8.90
44858	54.09
70497	5.82
70195	12.73
8067	11.43
62652	5.84
23226	20.25
31299	6.34
23499	12.06
46184	5.33
26791	8.09
28531	3.67
61478	18.08
54469	3.59
19909	26.14
45623	3.94
27413	2.91
30742	29.86
26675	7.39
42714	32.83
12292	3.80
7780	7.55
14703	14.68
73556	22.33
5582	27.93
49323	25.43
65384	5.86
19673	8.93
19050	16.68
64197	3.75
51709	1.56
11942	2.06
53012	18.27
11146	15.74
43258	4.75
30999	4.96
25025	37.15
19337	3.05
20589	1.55
53666	4.69
43328	3.22
32941	10.69
13383	11.18
13359	10.01
51548	6.22
65231	18.32
18415	27.26
58356	6.46
57657	27.42
14357	3.10
48844	14.48
58277	9.41
51763	9.83
26665	18.85
28456	23.48
61533	7.92
60779	6.17
74098	27.80
27095	11.71
31261	5.62
60287	12.47
46375	4.61
27889	14.84
52190	13.91
60892	15.64
14739	34.31
9747	16.16
23905	21.70
54102	8.35
55527	20.52
63719	14.03
49803	28.13
11088	12.39
62394	16.24
17603	4.30
1871	7.93
70101	-0.53
44567	6.73
10724	7.54
56418	30.39
37319	24.77
36957	15.73
58313	9.54
36676	28.59
34786	15.88
2138	7.00
35175	2.49
36623	14.62
35896	24.67
50445	5.46
5087	4.33
15915	27.13
44461	53.07
11419	7.08
34681	5.71
66432	8.95
26984	85.71
61404	10.49
35181	25.19
6998	18.47
68084	4.13
41462	8.48
4359	5.42
43897	12.61
34931	3.49
50151	16.33
48624	5.76
28143	21.12
10567	24.51
58899	18.22
70792	4.02
49135	4.26
6551	9.96
29214	32.85
44963	16.99
46476	5.54
73533	8.21
6138	12.33
49473	5.06
24988	44.36
38081	30.25
63957	9.34
40093	9.23
69657	6.56
15955	2.44
33038	12.08
29486	19.58
30001	4.75
15074	8.33
19627	10.23
39029	7.96
33892	5.00
66699	17.76
43104	5.12
15112	7.03
70808	3.75
22433	6.25
55672	5.57
25270	19.93
2037	12.68
3982	14.13
64394	10.38
47382	17.86
15864	5.70
16309	10.54
50317	29.45
4258	-0.47
67565	10.33
16043	4.18
62717	7.27
60540	4.74
44013	20.08
36670	28.69
64412	17.41
34686	5.07
42080	4.90
33070	2.59
60471	55.37
60201	48.82
8837	6.96
46400	32.38
46942	22.48
45933	16.57
25945	4.11
18516	5.91
45236	9.46
24376	30.14
42628	2.71
19121	32.46
34469	9.22
27761	5.18
68734	4.93
57797	11.55
44820	6.22
52788	11.68
5556	8.84
61591	9.11
9726	22.83
57351	11.14
57140	14.81
43330	3.37
7113	19.95
38488	36.46
26221	6.35
30687	13.49
38370	3.30
22394	10.92
51112	4.28
39323	15.71
39974	7.82
37379	22.79
60073	8.23
6967	-0.25
3083	10.49
64954	17.16
63396	6.35
46087	14.14
72229	8.51
9713	30.17
72877	48.95
65365	14.20
69713	11.59
47106	12.25
52001	3.55
45983	5.93
71535	53.23
18390	1.78
68718	4.65
46159	11.17
57503	5.01
19189	16.48
62014	21.00
40000	0.69
74065	18.66
40224	15.19
37650	7.13
70315	35.52
45734	22.24
2897	25.88
44452	4.34
47873	70.02
4846	32.73
24894	24.23
16127	41.20
3438	8.22
21822	17.27
50367	5.25
3222	17.20
31833	23.40
39224	2.30
30804	12.26
25908	4.34
5764	6.13
50858	13.85
10950	18.67
13303	18.64
36594	8.10
8136	10.08
48573	14.41
73406	16.40
26956	23.53
70120	12.48
14389	1.65
51885	23.31
56845	29.74
67867	8.29
34845	19.10
58038	3.94
50702	43.14
54233	5.97
54194	11.51
57205	7.13
45107	1.54
14701	14.63
65966	16.04
40582	28.32
39188	29.86
21155	24.26
60843	9.29
3798	14.70
27132	27.92
58236	8.27
41636	2.17
21494	2.23
7282	17.49
19158	12.72
51987	10.94
22173	22.89
8039	19.31
9864	24.61
14456	25.24
57489	20.17
38864	4.88
2461	13.97
61482	23.36
51259	46.95
11784	4.65
30162	13.12
28595	24.25
21290	39.41
46777	8.17
31448	25.66
72785	10.90
35899	24.58
48821	14.15
62291	18.41
42426	15.98
44208	4.84
73036	21.38
44174	18.27
63536	11.21
24940	21.06
67839	0.87
72152	8.75
64863	12.91
23922	33.73
48885	19.71
46960	16.45
53516	71.51
22847	7.61
53513	4.84
41878	16.94
19097	41.63
61473	18.38
17788	17.34
18086	5.17
30995	30.60
62006	3.78
32265	7.79
58311	9.32
19689	18.44
33508	10.64
11537	6.05
7747	13.01
56168	4.48
54681	10.34
55468	54.19
64889	5.36
45013	21.85
9820	14.41
56578	6.78
2796	4.62
46024	10.11
6332	17.23
29265	19.58
14792	20.38
22641	1.80
21646	4.03
9104	8.34
62362	24.36
72930	8.70
35446	13.65
14715	20.14
11488	26.75
58191	6.64
30109	5.36
29163	21.07
4857	2.52
72278	7.91
62121	21.64
67643	21.89
57930	5.86
73524	8.84
53290	34.84
25253	9.11
36747	15.59
15978	41.95
8789	22.31
6462	6.74
55621	2.89
26901	18.51
14191	2.50
62130	22.65
40143	35.62
61283	3.92
12053	14.76
41163	21.41
11878	21.34
53388	20.53
22663	11.18
56140	1.67
2814	53.60
44441	18.13
15355	35.62
20977	3.49
73665	9.01
11074	15.07
46242	3.89
46953	47.77
64471	11.77
70506	7.12
44584	42.40
31881	44.54
29734	3.94
8604	43.21
37702	15.64
18470	15.85
13473	9.59
34090	13.49
17117	20.52
43799	12.65
20776	25.14
7827	15.34
24100	10.35
43603	22.77
22723	5.36
72276	8.59
30659	0.98
71742	16.32
20499	9.30
70311	46.73
62822	25.50
7681	6.74
3307	36.43
68172	9.40
47292	29.41
21329	2.07
64994	0.51
2598	14.16
57438	23.19
37939	5.51
58964	3.21
6908	17.62
49000	7.18
37455	5.00
11012	8.63
4763	13.08
48335	10.21
55264	24.92
9482	4.77
34344	7.31
26760	26.33
15992	6.51
2443	14.45
64218	10.31
3423	5.33
45153	11.87
30927	22.65
28467	6.22
73181	7.92
43654	20.86
21261	17.01
20186	4.57
48074	2.26
48538	2.56
36756	12.68
67534	11.50
51852	15.12
9915	1.82
26713	29.23
16865	19.45
56550	6.49
56222	44.51
19575	18.53
56042	30.39
9123	8.50
66336	14.35
13448	2.14
22958	7.84
53470	9.70
26044	3.33
32089	7.18
67871	10.35
29234	18.80
70809	3.59
28803	17.40
13120	5.26
46573	48.41
35569	5.87
60506	9.96
71488	11.57
15383	5.87
26107	9.64
41690	14.39
22310	-2.43
33281	4.29
55491	22.67
5641	11.61
43905	50.00
54477	7.89
70623	15.60
15285	15.35
40561	24.20
3756	10.44
66287	24.69
63398	5.81
25678	38.10
56533	8.17
42008	12.25
54662	8.35
17771	36.52
13202	3.44
45078	8.33
32295	23.53
13962	18.81
25696	32.74
61605	33.88
4782	13.11
24499	12.03
19901	13.64
43828	38.12
24021	13.61
46236	4.14
16484	7.72
18802	5.36
40935	6.10
29314	36.46
2701	0.55
24202	15.32
4546	1.26
22896	13.84
74097	26.91
27914	4.05
31640	6.39
55863	15.97
61451	22.31
26121	9.28
68070	54.37
28212	8.40
15659	60.16
39912	6.44
31900	23.22
55698	18.33
13462	29.20
60224	6.66
74038	1.92
26666	18.82
21439	7.03
73088	16.56
27508	1.81
32683	6.58
26140	26.85
5363	20.88
32156	6.77
42770	3.39
61610	36.43
40316	20.49
7313	9.42
61975	30.07
41718	10.20
54882	18.35
62177	9.73
21153	22.73
6315	27.08
34385	8.65
28895	8.96
14944	30.27
22928	1.27
31408	43.42
46127	3.51
48416	1.98
62361	24.38
30606	1.21
69864	5.28
72470	5.48
43900	11.12
63510	11.24
66616	19.44
25632	13.94
30062	6.24
30102	4.65
46354	4.41
61853	6.47
46504	3.66
71622	8.59
47932	3.52
17557	0.61
4079	19.59
4269	0.11
68071	63.73
9788	35.47
5561	9.02
34042	3.56
57905	5.84
17804	79.54
44815	11.55
31404	29.30
14288	8.47
2158	6.77
15623	5.31
41358	12.54
65042	3.76
24198	14.35
35614	9.56
61443	18.73
72373	21.13
67670	89.16
22874	12.06
12566	10.89
28952	39.67
69825	29.54
57605	8.06
21300	-0.61
24788	36.09
33120	8.98
14441	24.52
7032	15.91
7783	8.58
50008	8.17
67740	25.24
51629	20.30
51711	3.02
36390	10.44
16432	13.90
57431	10.51
29320	2.06
53318	12.60
67381	37.94
63078	6.34
70377	12.00
38396	34.80
21782	39.99
24934	23.36
60909	8.36
54721	27.94
28321	7.79
59308	24.68
10679	7.28
26207	5.90
35044	4.13
11158	17.47
16487	7.96
16879	12.04
58869	4.92
45940	7.92
30201	17.85
47938	47.51
42508	13.35
60962	14.42
46238	4.14
14153	20.22
35833	14.91
12698	22.59
32684	6.71
21200	14.18
36924	1.72
40428	24.08
48511	4.32
23607	16.63
62849	43.95
52580	10.64
11966	11.05
14470	28.16
36179	11.32
49677	9.48
55911	68.18
11821	8.68
51344	11.79
37264	18.81
41733	29.78
63533	11.57
19595	22.02
35938	35.51
59706	10.00
14699	14.61
71681	8.06
65994	16.75
74146	14.26
70862	16.00
63254	24.66
15904	7.99
39181	28.23
7884	38.78
22371	11.13
64045	11.09
27371	4.68
33371	5.63
40708	16.47
12404	31.64
12728	12.72
25291	16.34
24595	20.10
30886	5.64
17693	9.13
27550	4.44
7786	8.19
32810	18.29
70790	3.27
28837	16.89
66633	6.12
35063	15.65
67118	11.82
65009	17.55
49599	3.08
12319	18.24
70509	6.84
18238	5.86
29251	19.39
36437	7.92
20385	2.99
28287	4.50
28772	14.91
5197	8.99
21861	4.05
21131	39.01
29104	16.53
3769	10.94
32970	10.62
15064	7.23
13406	0.49
63690	23.41
32515	19.85
27366	15.62
1939	14.55
32679	6.83
28156	37.52
18433	7.80
22328	6.85
47832	32.51
13795	8.87
58966	18.32
17876	16.15
43564	5.84
18134	8.89
39285	5.26
60205	11.34
72056	41.50
33520	16.09
63515	11.16
27088	2.80
73760	5.04
73689	6.57
12605	26.69
38005	30.19
56199	27.13
48267	4.00
49136	4.66
72776	19.16
14335	17.10
12579	1.37
10816	8.24
62262	46.95
59693	9.52
54327	3.21
18671	15.56
64091	3.89
38579	9.02
31398	27.32
16014	63.23
28767	20.44
27537	26.61
63446	10.50
29886	13.74
67646	19.52
6471	21.20
38821	36.76
61493	7.50
26341	52.38
21378	3.69
43508	12.28
62146	12.38
38458	12.30
3292	4.42
44368	1.08
50568	18.28
51966	7.06
44370	17.71
29905	13.26
33902	5.79
66953	16.07
7969	24.04
12831	15.38
71116	26.41
51174	12.17
49166	6.18
36264	4.77
45384	5.29
20816	4.15
2775	9.52
40250	27.64
38174	13.10
40714	15.86
55709	34.74
63161	35.96
4562	11.64
25052	42.72
67796	9.52
67401	28.13
46264	3.59
35089	3.10
15738	11.63
56902	54.81
58594	48.12
21444	7.35
40717	16.74
44163	4.58
10696	38.31
35964	5.28
13057	10.47
19093	42.27
20768	24.08
58541	10.12
42253	7.93
62668	11.43
71480	12.18
55413	23.15
18379	10.61
70958	16.63
43548	36.19
61195	8.75
60862	18.92
22784	22.78
31914	6.88
36680	28.62
51388	6.25
72901	2.80
43114	17.29
30096	6.16
27141	7.91
62937	47.80
32742	8.75
17571	9.04
15357	37.77
19447	3.42
33758	3.35
2422	10.90
6452	7.33
14997	14.70
52870	18.83
36687	5.84
59121	20.69
2946	3.02
3215	13.75
38595	15.76
20822	3.31
23682	15.13
39098	62.87
43549	38.46
1934	5.36
23645	19.07
23177	18.11
58310	7.78
34306	7.16
19922	5.02
62968	16.48
72291	11.51
7411	22.81
21396	6.77
9944	1.96
41387	11.44
21050	2.04
30403	10.41
59448	0.98
7270	7.81
32748	8.66
63256	23.84
55510	20.80
1768	3.42
20723	6.59
15625	2.95
51844	13.03
